543
205
762
676
429
387
21
109
756
444
374
512
131
37
91
33
882
52
943
449
183
530
454
160
236
729
137
667
612
55
402
156
433
210
395
352
142
321
187
594
201
288
282
835
140
946
237
461
320
81
738
961
922
221
348
940
358
775
176
346
831
713
169
412
11
656
181
887
92
26
458
264
552
741
558
503
861
519
500
65
406
616
30
513
689
638
896
49
434
623
915
398
180
456
211
705
415
515
439
784
277
661
760
548
658
209
990
260
247
870
269
993
505
622
146
520
385
310
929
590
913
573
569
628
949
777
250
810
739
375
630
356
900
93
190
844
394
225
532
110
428
964
267
204
182
3
106
149
177
872
650
475
635
720
470
495
688
436
463
910
702
607
970
287
364
31
301
44
125
617
891
841
920
605
621
807
114
193
328
683
271
263
253
390
527
216
75
18
83
859
930
549
609
803
388
423
330
219
906
984
