800
834
522
309
649
505
332
699
993
867
588
145
518
190
2
808
990
728
859
755
200
533
545
8
451
365
792
158
992
141
394
698
794
651
610
549
843
248
517
895
189
234
888
928
786
857
103
73
838
766
154
829
461
348
723
290
913
706
697
732
891
231
373
772
565
404
931
613
427
977
203
192
981
635
604
459
53
862
441
956
496
292
972
149
825
795
323
547
510
297
540
48
701
327
328
27
552
262
426
827
481
344
906
465
696
238
250
915
187
870
965
758
223
143
222
810
964
282
217
534
890
559
955
744
672
468
497
980
164
874
936
402
118
803
901
589
310
773
277
617
342
945
233
719
288
121
383
612
157
387
881
555
609
176
316
170
924
962
959
227
343
463
970
774
306
539
291
341
638
642
418
828
650
429
1000
957
937
764
969
425
998
300
101
260
370
11
614
421
971
408
789
883
346
809
643
96
140
194
824
237
