459
278
339
687
933
293
824
213
220
936
326
884
881
5
298
542
937
849
778
373
573
683
810
732
972
651
989
355
295
8
130
59
734
614
11
826
271
947
664
677
244
113
781
609
695
227
743
56
115
206
846
328
541
669
30
501
272
127
832
184
216
254
290
639
925
572
62
58
707
273
715
107
97
756
774
837
633
72
921
203
310
617
836
135
22
185
202
473
803
512
880
839
802
935
79
156
682
148
659
713
851
296
493
435
159
194
301
813
16
901
532
168
632
15
152
698
680
354
958
676
766
496
153
974
87
613
25
544
740
401
775
418
353
190
262
924
261
215
429
907
893
670
282
914
909
90
834
23
36
583
410
479
34
167
221
321
108
179
860
369
20
370
561
903
264
399
720
931
856
662
171
962
917
763
945
469
461
857
519
69
645
37
869
219
205
648
951
143
24
78
197
424
363
74
186
226
332
196
984
850
