582
289
211
247
634
264
782
94
533
664
420
638
942
906
862
992
263
658
998
861
252
633
584
693
769
781
332
925
380
567
701
956
754
606
95
8
869
776
310
251
538
546
470
234
773
127
602
650
54
697
10
739
991
449
360
784
791
595
544
847
757
766
573
256
307
604
990
876
760
934
429
445
347
678
879
729
296
458
66
287
335
938
967
586
933
336
936
68
99
490
460
395
852
200
814
339
90
947
173
577
350
962
772
185
73
676
811
209
396
891
570
657
340
932
462
328
996
315
610
422
740
41
7
705
381
565
115
150
125
495
314
672
93
100
531
854
378
907
22
899
35
134
860
168
423
121
446
725
857
720
848
642
433
290
832
488
787
343
898
57
732
412
21
738
419
885
719
858
75
892
515
949
637
684
278
509
226
452
937
108
609
364
647
863
508
815
110
627
80
231
273
358
952
103
174
31
576
391
318
965
