768
108
82
924
605
912
743
284
372
132
691
312
412
384
837
175
339
684
135
706
257
940
957
368
576
600
322
14
143
240
223
656
935
565
451
594
953
971
731
125
408
363
620
217
361
759
641
269
264
558
588
508
548
354
637
518
981
690
794
362
895
625
566
786
435
288
569
43
153
302
679
582
150
12
230
651
6
842
446
326
283
378
982
31
611
664
722
878
610
381
740
843
5
126
672
454
73
321
704
16
305
161
241
386
358
521
402
110
214
531
589
262
966
650
830
619
967
825
823
226
803
705
615
287
233
232
721
836
466
986
78
696
392
543
595
30
907
319
189
796
958
660
383
194
934
371
562
783
114
33
445
102
764
56
373
260
700
365
499
360
18
124
470
747
923
885
984
481
256
267
292
524
681
335
946
774
159
613
514
216
231
425
213
553
70
781
21
285
853
370
318
330
804
84
181
845
151
250
590
154
