394
217
476
414
848
807
62
617
453
160
226
869
67
29
667
420
958
318
589
780
597
83
719
808
24
786
184
70
562
374
118
645
530
244
527
690
823
859
945
761
31
724
200
493
346
798
686
157
471
627
458
250
911
610
54
111
827
934
691
951
608
424
412
900
42
213
592
274
536
919
369
960
36
704
78
181
312
976
708
842
854
751
614
548
994
609
600
855
105
10
964
940
277
762
138
330
984
518
17
265
769
533
982
446
73
377
700
215
674
875
582
473
886
205
401
303
492
131
622
19
454
168
279
90
432
368
538
380
308
466
739
117
479
206
435
393
387
1
224
370
427
557
723
189
795
456
439
405
733
810
756
965
898
249
526
375
499
853
832
858
487
947
478
833
732
927
742
176
348
461
227
299
497
339
144
204
890
583
734
288
826
411
961
550
400
575
407
666
683
682
620
705
711
88
190
928
15
323
32
870
