283
781
612
849
795
336
178
431
969
652
504
549
376
594
494
656
717
772
492
103
483
386
566
920
204
610
771
12
964
688
651
912
962
287
50
787
432
615
543
884
926
440
329
216
776
609
751
521
851
401
318
61
347
292
443
611
841
744
788
820
844
418
895
1000
430
699
946
899
391
85
445
64
992
194
424
222
331
937
608
977
653
253
630
248
713
915
893
99
537
477
916
591
156
394
743
475
372
935
934
212
88
449
973
981
296
256
971
869
203
986
246
113
936
526
320
836
505
398
826
803
104
187
299
399
58
692
736
420
304
571
208
742
879
159
84
910
97
780
290
148
305
42
596
220
214
268
487
767
790
700
126
987
343
673
660
680
444
838
587
715
69
340
170
645
481
348
380
747
918
249
856
319
383
663
967
282
491
721
242
541
107
865
620
302
295
622
746
778
368
92
294
515
580
940
425
403
590
313
725
732
