242
509
236
83
723
26
89
78
703
405
461
949
170
782
483
902
450
813
413
601
375
223
57
638
626
263
695
443
178
889
491
493
958
465
304
386
833
326
66
459
102
214
897
606
54
305
664
981
628
573
539
795
379
360
936
391
181
983
816
17
860
268
766
424
158
349
737
407
602
907
302
157
867
753
273
586
290
27
675
2
385
966
975
382
640
709
481
843
916
378
422
930
978
464
198
596
234
872
704
835
337
400
853
645
643
515
249
971
164
487
437
174
403
25
51
720
959
844
885
633
685
649
826
791
519
823
656
941
634
474
583
730
946
593
389
883
441
196
363
973
332
540
535
627
763
527
510
231
651
418
597
575
289
537
390
783
690
212
729
254
838
393
200
588
961
61
829
292
674
810
778
488
992
318
140
293
677
922
687
118
217
929
261
711
356
541
590
735
139
496
712
892
886
599
55
210
617
506
900
68
