532
480
706
484
829
259
937
907
460
753
47
974
129
379
60
151
82
822
154
317
636
414
984
998
626
983
954
345
274
486
405
551
340
59
507
262
11
488
719
713
631
635
576
798
304
441
186
224
516
25
75
972
471
609
2
92
624
555
571
393
679
844
858
987
425
567
864
13
352
107
273
535
498
94
743
616
208
96
715
451
726
915
809
948
166
601
930
199
741
999
269
293
70
395
5
634
901
540
411
621
328
709
440
196
339
902
337
55
834
946
320
176
722
931
558
645
941
729
873
648
12
188
459
244
263
737
861
795
513
512
313
332
988
18
754
310
949
270
417
128
370
160
830
367
32
97
831
716
662
518
172
667
924
442
137
880
478
104
588
98
233
736
740
22
358
584
782
287
965
102
823
970
939
976
57
322
438
632
905
433
778
325
482
63
288
184
428
885
911
562
343
141
114
890
611
979
755
24
868
827
