704
918
33
814
325
384
666
576
407
634
62
286
973
866
627
67
820
676
301
201
907
832
323
359
538
449
764
908
786
631
915
483
573
702
575
108
721
654
586
994
172
367
744
839
254
486
801
952
729
997
686
941
30
471
77
60
568
269
476
124
802
693
285
137
885
708
549
999
490
869
19
273
791
977
441
1
642
651
119
15
48
796
962
484
751
378
899
144
891
349
334
939
129
917
625
196
257
99
607
989
452
988
618
263
69
935
424
605
529
295
24
209
40
7
911
163
178
897
617
482
860
479
181
680
570
18
636
887
759
362
282
919
326
735
271
281
982
740
74
149
809
390
745
835
339
749
87
518
723
857
91
224
903
848
6
280
980
402
363
560
438
781
34
610
398
354
875
443
737
995
240
906
663
337
115
754
888
807
921
500
221
247
912
842
104
85
747
421
597
601
646
510
511
475
555
871
342
644
981
641
