513
866
910
741
64
235
164
566
666
584
23
127
637
483
170
797
101
12
631
311
515
107
684
772
121
548
920
447
773
429
128
459
46
153
365
368
578
462
718
454
857
756
999
41
116
361
122
187
901
136
865
907
337
690
106
206
916
638
304
381
943
386
150
242
1000
181
746
682
554
891
885
255
449
906
877
915
732
292
525
300
538
838
694
234
787
347
809
325
348
919
951
702
120
282
990
878
341
476
895
640
328
651
821
892
32
339
469
207
472
755
552
937
863
91
333
501
370
536
269
593
478
4
505
238
293
248
342
158
276
981
264
765
402
362
489
205
317
540
406
303
412
763
291
344
388
371
319
784
715
961
708
592
22
201
193
946
451
87
519
924
687
263
888
947
408
268
869
960
522
956
944
16
165
601
807
837
461
343
36
764
599
184
748
596
871
197
553
75
658
574
115
621
161
350
410
766
435
195
212
645
