619
331
995
622
822
523
537
767
646
392
106
702
6
744
155
402
543
183
741
847
733
28
479
839
805
76
580
436
916
379
267
762
412
727
142
499
771
529
714
113
939
585
44
652
34
56
425
362
870
854
867
451
886
400
285
877
563
957
691
636
884
592
344
810
729
47
274
797
157
114
325
329
715
460
583
858
582
79
462
191
965
725
213
533
486
865
653
568
216
842
669
211
828
692
494
834
695
726
521
80
697
483
885
919
360
228
233
348
173
170
96
676
937
442
16
258
29
287
747
84
982
391
37
530
999
911
253
846
364
203
607
627
219
548
177
444
62
749
635
573
99
724
878
454
190
415
354
964
250
357
539
361
677
775
373
264
944
57
814
153
308
736
122
237
432
587
353
284
948
544
242
497
45
421
642
684
881
569
64
369
382
856
251
73
512
686
675
81
809
300
117
15
474
21
559
297
438
27
603
813
