627
256
201
420
98
464
597
112
26
126
153
38
362
886
986
742
946
391
198
304
270
5
53
468
483
922
500
976
620
482
924
553
156
569
208
298
396
377
841
522
505
772
603
895
968
229
457
226
446
354
573
437
984
84
206
326
485
539
497
100
944
999
899
317
439
213
966
303
543
414
399
343
480
387
197
709
488
28
644
549
20
664
130
238
309
844
273
167
638
183
542
686
810
889
957
515
804
874
624
59
816
330
983
474
575
529
577
75
592
368
828
478
656
870
499
556
161
541
952
745
967
728
61
512
43
762
923
335
442
767
103
222
791
364
747
930
831
431
463
120
392
240
696
649
982
188
494
774
534
934
17
108
941
479
6
504
599
49
204
408
237
803
320
373
322
821
79
685
14
725
593
977
710
70
595
181
715
660
706
526
216
287
650
815
450
205
579
269
433
669
861
124
962
470
587
329
275
50
82
851
