824
400
201
161
578
838
673
633
861
776
933
990
422
940
392
507
260
235
360
35
423
29
424
703
761
677
569
521
852
731
932
760
32
337
599
572
373
708
792
118
821
50
246
325
575
539
770
417
55
931
698
621
160
4
738
13
952
867
576
802
274
377
410
516
2
383
495
176
566
418
311
14
955
891
356
53
122
290
351
487
908
650
245
834
841
458
858
6
567
615
945
167
626
989
764
93
106
508
667
54
610
358
602
691
518
169
543
473
657
232
62
168
750
331
45
152
997
943
427
296
701
551
271
832
906
357
905
519
840
559
293
117
248
7
614
876
158
242
801
367
113
874
580
727
956
814
68
355
835
817
687
634
9
958
830
308
61
954
285
124
819
941
143
11
334
799
116
866
719
588
391
449
416
153
263
440
607
636
887
741
230
476
686
953
916
613
899
44
389
813
827
593
166
780
951
983
283
692
754
873
