632
923
826
212
861
535
652
740
900
642
821
610
341
150
958
560
38
846
540
973
713
416
84
970
1000
195
700
603
817
676
81
436
163
880
248
766
294
141
841
991
654
586
486
931
201
724
521
278
137
162
946
708
73
977
963
762
641
932
636
431
172
19
600
176
502
785
388
782
6
80
421
67
403
550
949
306
714
377
311
74
184
16
443
942
402
577
355
648
767
291
269
46
114
104
323
922
265
548
801
241
886
460
743
651
812
666
664
979
440
320
874
939
482
419
463
396
568
90
358
872
638
836
226
559
589
690
797
895
385
397
987
266
497
882
82
249
822
729
541
905
674
171
131
130
61
324
774
30
877
908
347
980
63
838
101
35
523
884
371
159
616
529
29
441
520
731
736
295
937
387
11
984
557
709
27
918
563
168
313
808
909
571
631
981
827
62
116
538
524
599
261
378
76
329
31
901
53
746
565
628
