384
933
572
193
469
597
447
296
9
874
42
175
76
281
471
631
367
172
610
335
257
494
662
466
377
277
287
220
683
256
579
392
61
691
75
120
795
950
229
99
911
632
609
829
531
810
207
418
673
180
28
912
1000
464
778
506
787
320
49
83
826
584
524
419
355
523
332
726
816
525
356
380
939
253
807
460
147
944
412
477
724
604
694
115
887
644
133
47
522
577
788
35
499
625
909
226
225
622
52
490
734
923
967
214
354
279
273
242
48
718
757
985
379
872
994
847
291
695
141
486
154
271
929
930
617
928
457
18
857
910
317
676
813
820
428
976
818
235
484
992
298
119
708
122
959
931
183
542
394
739
488
536
529
105
540
893
80
659
348
541
33
260
943
232
589
454
241
940
5
557
664
535
64
576
88
743
479
444
649
246
407
425
805
20
306
932
919
402
621
17
735
223
308
139
272
731
353
135
895
798
