334
566
674
716
869
308
668
885
742
306
474
258
709
10
626
975
794
757
548
397
13
324
248
395
934
240
430
612
91
620
114
485
122
453
715
786
349
361
435
265
827
567
570
490
118
559
366
809
222
955
589
492
722
538
836
199
164
214
292
336
301
828
282
113
183
687
822
998
584
310
389
769
727
24
499
580
117
343
486
748
450
561
519
797
876
441
658
219
560
73
482
766
677
158
468
346
830
972
654
80
419
167
551
818
224
462
210
421
374
730
360
370
976
779
68
354
154
995
107
545
577
785
215
599
896
877
252
340
9
216
762
854
61
148
352
286
966
660
777
423
378
466
372
916
676
59
768
461
817
411
37
415
759
610
569
516
581
358
200
6
319
973
390
31
129
137
537
583
623
860
845
776
235
788
120
686
66
944
697
316
439
541
381
942
149
622
917
878
801
82
284
34
574
476
802
173
198
796
277
75
