575
137
321
131
924
762
564
835
922
82
522
143
712
275
933
419
860
318
758
735
359
140
115
54
199
875
834
757
984
122
383
677
47
965
561
192
930
306
121
287
958
706
422
959
12
998
136
295
392
428
1000
367
584
53
622
308
944
554
563
923
928
237
867
158
397
501
141
873
104
699
304
239
602
854
56
941
236
808
244
14
994
109
293
853
979
375
851
216
888
449
529
797
360
620
692
773
626
355
787
766
300
232
416
437
242
952
652
852
3
454
910
680
470
684
619
545
830
963
585
66
893
961
427
424
447
432
846
754
402
705
151
165
435
297
217
332
196
827
745
138
911
342
780
650
593
27
511
313
717
243
792
298
728
146
201
368
330
678
572
588
134
526
291
778
101
335
153
471
935
190
932
810
973
628
989
832
18
262
235
635
711
184
252
615
76
179
1
837
796
106
639
279
152
175
567
674
388
753
361
701
