21
182
596
510
425
372
834
380
565
233
808
225
4
976
377
347
248
149
293
232
747
235
509
735
398
332
103
501
472
306
963
543
228
497
6
959
872
310
869
745
471
315
555
240
351
733
483
644
145
548
513
139
387
979
712
373
102
224
648
42
896
343
920
144
435
362
176
386
382
809
921
833
147
966
786
269
680
404
250
955
974
723
873
369
180
279
298
458
361
441
214
412
544
517
463
187
402
774
129
840
757
124
599
419
494
662
758
536
701
652
782
339
711
514
344
884
470
967
261
53
841
482
326
253
417
705
148
867
290
229
559
895
616
276
314
526
20
677
802
577
26
34
612
71
238
643
138
436
489
654
297
218
158
585
600
63
593
540
938
325
846
515
686
668
591
280
581
853
82
638
634
767
440
716
76
206
877
965
589
762
973
572
800
775
220
115
945
887
903
68
189
493
718
24
623
763
239
923
256
916
