751
533
150
134
779
92
785
74
100
673
739
769
550
513
342
7
715
961
23
107
782
78
492
866
93
541
698
198
996
959
831
79
25
252
89
766
736
843
877
258
691
332
104
261
928
498
801
169
674
953
896
411
77
448
114
679
810
555
398
279
861
727
18
534
777
594
228
430
949
778
791
154
445
601
141
352
612
869
235
132
182
567
385
427
255
190
379
578
927
793
904
418
922
68
280
606
30
173
390
657
457
219
356
697
775
137
636
907
423
165
433
947
370
218
731
883
281
220
716
934
815
216
686
133
868
528
506
452
919
905
196
944
285
468
483
530
558
49
497
545
341
921
357
480
617
269
593
699
902
487
899
798
728
186
266
234
148
874
851
231
930
974
286
396
705
758
828
738
270
913
238
827
488
360
712
599
34
101
317
937
804
491
103
296
99
180
912
283
54
631
295
346
749
351
884
21
718
825
623
14
